n_species,n_occs,n_singletons,n_endemics,time_bin_duration,range_through_div,n_localities,origination_events,extinction_events,n_species_area_1,n_species_area_2,n_species_area_3,n_species_area_4,n_species_area_5,n_occs_area_1,n_occs_area_2,n_occs_area_3,n_occs_area_4,n_occs_area_5,n_locs_area_1,n_locs_area_2,n_locs_area_3,n_locs_area_4,n_locs_area_5,present_diversity
153.7,1295.0,14.7,100.7,0.129,153.7,546.8,31.8,47.9,32.4,49.3,38.2,61.4,22.4,72.6,118.2,211.7,835.7,56.8,20.3,45.0,107.7,337.9,35.9,313.0
145.2,644.5,12.3,91.6,0.6449999999999999,169.8,192.0,24.7,62.9,21.6,49.9,47.5,57.7,8.0,35.4,155.3,149.0,296.1,8.7,9.5,39.9,48.4,89.0,5.2,0.0
188.4,724.4,28.2,133.4,1.026,208.0,211.8,67.0,68.3,37.8,75.1,52.0,55.4,13.7,85.3,266.5,176.0,178.6,18.0,18.8,61.2,55.2,71.2,5.4,0.0
191.4,630.8,24.5,135.8,0.7800000000000001,209.3,167.6,77.1,56.0,60.9,48.1,53.7,55.3,11.4,137.9,92.2,205.4,180.5,14.8,19.3,23.0,54.1,66.9,4.3,0.0
153.8,493.2,13.6,108.4,1.0199999999999998,188.2,158.6,60.2,33.4,31.4,30.5,57.2,59.8,1.3,56.9,48.9,176.8,209.3,1.3,18.1,21.8,50.3,67.9,0.5,0.0
116.9,256.0,10.3,85.2,0.8665,161.4,98.3,52.1,38.8,29.4,12.9,34.4,50.2,0.2,41.3,16.4,65.2,132.9,0.2,13.7,10.5,23.5,50.5,0.1,0.0
114.3,201.8,6.8,85.0,0.8665,148.1,82.0,44.7,75.9,26.3,11.6,29.7,55.7,0.8,38.6,15.6,46.4,100.4,0.8,13.9,11.1,20.5,36.0,0.5,0.0
139.4,318.8,15.2,101.7,0.9564999999999999,179.3,88.9,31.4,45.0,30.9,41.7,32.5,46.5,4.5,58.8,80.4,49.4,124.1,6.1,15.5,19.2,13.0,39.3,1.9,0.0
138.2,318.8,13.0,97.5,0.9564999999999999,192.9,92.0,36.6,41.0,23.8,36.4,46.2,49.8,2.6,28.7,71.9,89.1,126.5,2.6,9.0,19.4,20.3,42.1,1.2,0.0
136.0,440.4,9.7,95.4,1.096,197.3,136.1,37.5,45.0,2.7,39.2,55.4,55.4,5.1,2.8,92.3,179.3,159.8,6.2,1.0,33.5,43.7,53.7,4.2,0.0
145.4,374.2,12.3,100.4,1.096,204.8,129.6,51.2,50.3,4.5,40.8,59.4,58.4,1.0,4.5,82.8,132.4,153.5,1.0,2.1,30.4,41.5,54.8,0.8,0.0
147.2,302.5,13.1,105.1,1.096,203.9,108.2,56.4,36.2,5.2,25.3,69.7,57.9,1.2,6.0,37.5,137.4,120.3,1.3,3.9,14.1,41.2,47.9,1.1,0.0
132.0,282.3,6.8,95.6,1.096,183.7,101.7,41.5,42.9,4.9,24.6,66.5,43.4,1.1,5.0,34.5,112.4,129.2,1.2,2.5,14.0,30.0,54.3,0.9,0.0
144.5,467.3,13.6,113.4,1.0950000000000002,185.1,173.8,58.7,40.7,8.1,24.9,62.6,57.7,0.0,9.0,38.6,131.3,288.4,0.0,3.7,15.2,45.7,109.2,0.0,0.0
118.7,258.6,12.9,92.9,1.0950000000000002,167.1,97.1,36.3,38.1,7.7,27.9,42.4,50.8,0.0,8.2,35.1,88.0,127.3,0.0,3.8,13.9,30.4,49.0,0.0,0.0
121.8,308.9,10.2,98.2,1.0749999999999997,168.9,88.5,30.3,44.3,6.9,23.8,31.9,66.5,0.0,7.3,30.0,52.5,219.1,0.0,2.6,10.4,16.0,59.5,0.0,0.0
150.4,417.9,15.8,126.4,1.0749999999999997,182.9,109.6,56.4,50.7,10.8,15.1,56.8,74.1,0.0,11.4,15.9,139.1,251.5,0.0,3.6,8.7,33.6,63.7,0.0,0.0
139.0,367.4,13.5,118.8,1.1175,177.2,91.2,47.1,40.4,22.5,9.7,69.8,42.4,0.0,29.9,10.4,243.5,83.6,0.0,9.8,7.1,44.5,29.8,0.0,0.0
138.1,330.5,8.3,123.2,1.1175,170.5,97.0,58.3,36.5,18.1,4.7,61.7,56.1,0.0,44.2,5.2,158.3,122.8,0.0,14.7,3.3,34.2,44.8,0.0,0.0
111.0,248.8,10.1,102.6,1.1175,148.7,70.8,30.0,21.0,17.4,2.3,36.2,56.3,0.0,28.2,2.5,111.8,106.3,0.0,9.4,2.5,22.0,36.9,0.0,0.0
111.6,247.1,6.0,104.1,1.1175,139.7,72.6,56.0,28.5,14.9,3.9,37.6,55.9,0.0,23.0,4.4,77.1,142.6,0.0,6.4,4.1,18.6,43.5,0.0,0.0
74.9,129.9,8.6,70.4,0.8633299999999979,112.2,35.9,28.6,11.8,7.2,1.2,30.7,35.9,0.0,8.5,1.2,45.2,75.0,0.0,2.2,0.8,9.1,23.8,0.0,0.0
50.7,77.4,3.1,48.0,0.8633400000000011,95.4,32.6,18.5,6.7,3.6,0.7,18.8,28.0,0.0,3.8,0.7,23.8,49.1,0.0,1.5,0.6,8.1,22.4,0.0,0.0
56.5,77.6,2.1,52.8,0.863330000000001,83.6,29.4,33.8,9.7,3.2,0.8,25.5,27.2,0.0,3.4,0.8,33.2,40.2,0.0,1.4,0.6,8.0,19.4,0.0,0.0
31.9,43.0,2.8,30.6,0.9579999999999982,59.5,17.4,10.4,13.1,0.7,1.6,3.3,26.3,0.0,0.7,1.6,3.3,37.4,0.0,0.7,1.3,1.3,14.1,0.0,0.0
32.3,43.2,0.4,29.0,0.958000000000002,62.2,20.2,4.9,13.1,0.6,4.5,2.9,24.4,0.0,0.6,4.5,3.3,34.8,0.0,0.4,3.8,1.6,14.4,0.0,0.0
35.3,57.1,2.5,34.4,0.9579999999999982,70.4,22.4,8.4,6.4,1.0,0.7,1.8,31.8,0.0,1.0,0.7,1.8,53.6,0.0,1.0,0.7,1.0,19.7,0.0,0.0
21.9,29.4,1.6,21.4,0.9579999999999982,68.4,10.6,6.3,4.9,0.6,1.0,1.3,19.0,0.0,0.6,1.0,1.3,26.5,0.0,0.6,1.0,0.6,8.4,0.0,0.0
24.9,29.0,1.3,23.8,0.958000000000002,67.0,11.9,8.6,8.5,1.7,0.6,1.4,21.6,0.0,1.7,0.6,1.4,25.3,0.0,0.9,0.6,0.8,9.6,0.0,0.0
38.6,55.2,2.1,36.2,1.01333,66.9,17.4,8.2,9.5,3.2,2.9,1.8,30.9,0.0,3.3,3.0,1.8,47.1,0.0,1.6,1.4,1.2,13.2,0.0,0.0
44.6,71.1,4.2,42.7,1.0133399999999997,68.2,19.0,18.0,14.8,2.3,4.4,4.3,34.0,0.0,2.3,5.4,4.3,59.1,0.0,1.0,1.6,2.3,14.1,0.0,0.0
43.5,59.5,6.4,40.9,1.01333,65.0,15.9,20.5,9.1,1.7,5.1,7.6,29.1,0.0,1.8,6.4,8.3,43.0,0.0,0.7,1.9,3.1,10.2,0.0,0.0
33.7,62.4,3.4,30.7,1.01333,53.6,28.3,10.7,13.2,3.4,4.1,4.9,21.4,0.0,3.7,4.2,4.9,49.6,0.0,1.1,1.3,2.2,23.7,0.0,0.0
41.3,68.8,4.5,37.8,1.0133399999999997,56.1,24.8,13.0,13.9,4.2,5.7,5.9,25.7,0.0,4.6,6.7,6.5,51.0,0.0,1.1,2.2,3.8,17.7,0.0,0.0
44.6,154.3,6.1,41.3,1.01333,57.0,57.8,23.8,9.3,4.9,6.6,4.6,28.8,0.0,5.0,7.1,4.8,137.4,0.0,1.2,2.8,2.5,51.3,0.0,0.0
25.6,69.2,1.7,23.7,0.9525000000000008,42.5,21.8,4.5,6.8,1.4,4.8,1.9,17.5,0.0,1.4,5.6,2.2,60.0,0.0,0.8,2.3,2.1,16.6,0.0,0.0
33.8,104.2,2.2,31.4,0.9525000000000008,44.8,34.3,8.8,5.2,1.5,6.4,1.9,24.0,0.0,1.5,7.5,2.1,93.1,0.0,0.3,2.1,2.1,29.8,0.0,0.0
34.1,78.4,2.0,32.0,0.9525000000000008,41.2,37.0,19.9,5.6,2.5,5.0,2.0,24.6,0.0,2.5,6.0,2.5,67.4,0.0,0.7,2.1,2.4,31.8,0.0,0.0
22.4,41.6,2.5,21.0,0.9525000000000008,26.9,18.9,11.8,7.0,2.5,3.0,1.7,15.2,0.0,2.5,3.2,1.9,34.0,0.0,0.7,2.0,1.9,14.3,0.0,0.0
16.2,21.0,1.7,15.9,1.16333,22.1,12.0,7.4,5.5,0.8,3.3,2.8,9.3,0.0,0.8,3.7,3.0,13.5,0.0,0.2,2.9,1.8,7.1,0.0,0.0
12.6,16.3,1.5,12.2,1.16334,20.2,9.3,6.9,12.6,0.0,4.0,1.9,6.7,0.0,0.0,4.9,1.9,9.5,0.0,0.0,3.6,1.0,4.7,0.0,0.0
18.4,23.9,2.2,17.9,1.16333,25.9,14.1,5.2,5.5,0.3,3.9,2.7,11.5,0.0,0.3,4.7,3.0,15.9,0.0,0.3,2.8,2.1,8.9,0.0,0.0
12.0,17.1,0.8,11.7,0.942859999999996,26.2,11.0,1.7,5.4,0.3,2.3,2.4,7.0,0.0,0.3,2.5,2.8,11.5,0.0,0.1,2.0,1.3,7.6,0.0,0.0
15.4,20.0,1.1,14.9,0.94285,29.9,11.0,4.0,4.0,0.0,2.6,1.8,11.0,0.0,0.0,2.7,1.9,15.4,0.0,0.0,2.1,0.9,8.0,0.0,0.0
16.9,20.3,1.3,16.4,0.9428600000000029,29.9,10.7,7.0,4.5,0.0,2.7,1.3,13.0,0.0,0.0,3.0,1.3,16.0,0.0,0.0,2.3,0.4,8.0,0.0,0.0
11.0,12.9,1.9,10.8,0.942859999999996,27.4,7.3,4.5,3.5,0.5,1.8,1.1,7.6,0.0,0.5,1.9,1.2,9.3,0.0,0.4,1.6,0.6,4.7,0.0,0.0
9.1,9.7,1.2,8.8,0.9428600000000029,26.4,5.9,3.5,20.7,0.1,3.2,1.7,4.1,0.0,0.1,3.3,2.1,4.2,0.0,0.1,2.6,0.8,2.4,0.0,0.0
30.5,39.6,3.8,30.2,0.94285,43.6,12.2,8.3,16.1,0.5,3.2,1.5,25.3,0.0,0.5,3.4,1.5,34.2,0.0,0.5,2.9,0.4,8.4,0.0,0.0
39.4,52.1,4.3,38.9,0.942859999999996,51.4,13.7,11.9,9.8,0.5,2.9,5.9,30.2,0.0,0.5,3.4,6.2,42.0,0.0,0.4,2.6,2.0,8.7,0.0,0.0
29.1,38.8,1.4,29.0,1.0250000000000097,49.3,15.1,5.9,16.4,1.1,2.7,3.3,22.0,0.0,1.2,2.9,3.8,30.9,0.0,0.7,2.0,1.9,10.5,0.0,0.0
44.8,77.4,1.9,44.8,1.0250000000000001,59.8,19.8,18.7,17.1,0.6,0.8,4.5,38.9,0.0,0.7,0.8,5.1,70.8,0.0,0.5,0.7,3.2,15.4,0.0,0.0
41.7,70.8,1.6,41.6,1.0250000000000001,58.2,15.7,8.0,11.3,0.6,0.5,6.0,34.6,0.0,0.6,0.5,6.3,63.4,0.0,0.4,0.5,3.3,11.5,0.0,0.0
37.7,64.0,1.6,37.6,1.0250000000000001,61.5,15.9,3.6,11.3,0.3,0.6,4.4,32.4,0.0,0.3,0.6,4.8,58.3,0.0,0.3,0.6,2.7,12.3,0.0,0.0
52.3,142.6,4.4,52.3,1.0250000000000001,69.2,41.6,11.6,7.7,1.6,1.3,5.3,44.1,0.0,1.6,1.3,6.5,133.2,0.0,0.7,1.0,3.7,36.2,0.0,0.0
50.2,164.7,2.3,49.2,1.0250000000000097,65.3,48.5,13.3,4.3,0.8,0.7,4.8,43.9,0.0,0.8,0.7,5.2,158.0,0.0,0.4,0.7,3.3,44.1,0.0,0.0
51.0,164.9,1.6,51.0,1.0250000000000001,56.3,53.1,23.5,8.2,0.0,1.4,6.8,42.8,0.0,0.0,1.4,8.0,155.5,0.0,0.0,1.2,3.9,48.0,0.0,0.0
40.8,97.5,1.0,40.8,1.0250000000000001,41.0,36.6,31.1,3.5,0.9,0.4,4.9,34.6,0.0,0.9,0.5,5.6,90.5,0.0,0.5,0.5,4.1,31.5,0.0,0.0
13.3,17.0,1.3,13.3,1.06667,13.4,8.1,9.3,5.7,0.7,0.4,0.0,12.2,0.0,0.8,0.4,0.0,15.8,0.0,0.8,0.4,0.0,6.9,0.0,0.0
9.2,13.2,0.9,9.2,1.0666600000000002,9.8,8.5,4.0,1.3,0.7,0.4,0.1,8.0,0.0,0.8,0.4,0.1,11.9,0.0,0.8,0.4,0.1,7.2,0.0,0.0
4.9,7.1,0.8,4.9,1.06667,7.1,4.5,1.8,1.3,0.4,0.2,0.0,4.3,0.0,0.4,0.2,0.0,6.5,0.0,0.4,0.2,0.0,3.9,0.0,0.0
2.1,2.1,0.7,2.1,0.799999999999997,6.6,1.7,1.0,7.4,0.5,0.2,0.0,1.4,0.0,0.5,0.2,0.0,1.4,0.0,0.5,0.1,0.0,1.1,0.0,0.0
13.0,26.3,3.5,13.0,1.5999999999999999,13.0,14.1,11.0,0.6,1.5,1.0,0.0,10.5,0.0,1.5,1.0,0.0,23.8,0.0,1.5,0.5,0.0,12.1,0.0,0.0
2.4,3.9,0.0,2.4,1.4000000000000001,2.6,3.9,0.3,0.2,0.0,0.6,0.0,1.8,0.0,0.0,0.8,0.0,3.1,0.0,0.0,0.8,0.0,3.1,0.0,0.0
1.6,1.9,0.0,1.6,1.0,2.5,1.9,1.3,1.4,0.0,0.5,0.0,1.1,0.0,0.0,0.6,0.0,1.3,0.0,0.0,0.6,0.0,1.3,0.0,0.0
2.5,2.6,1.2,2.5,1.0,2.6,2.5,2.4,0.6,0.0,0.5,0.0,2.0,0.0,0.0,0.6,0.0,2.0,0.0,0.0,0.5,0.0,2.0,0.0,0.0
0.8,0.8,0.6,0.8,1.04300000000001,0.8,0.5,0.8,0.0,0.0,0.8,0.0,0.0,0.0,0.0,0.8,0.0,0.0,0.0,0.0,0.5,0.0,0.0,0.0,0.0
